20
17
0 7553 9199 6039 11270 8998 7538 5524 8763 4728 7362 1797 3410 3668 2601 10501 6526 729 9998 3454
7553 0 3174 3194 5245 2973 1513 4015 2738 4359 1337 6484 5793 4291 6746 4476 2355 7402 3973 6029
9199 3174 0 4840 3913 1641 2663 5661 1988 6005 2701 8130 7439 5937 8392 3144 4001 9048 2641 7675
6039 3194 4840 0 6911 4639 3179 2501 4404 2845 3003 4970 4279 2777 5232 6142 2167 5888 5639 4515
11270 5245 3913 6911 0 2470 4734 7732 4059 8076 4772 10201 9510 8008 10463 1203 6072 11119 1756 9746
8998 2973 1641 4639 2470 0 2462 5460 1787 5804 2500 7929 7238 5736 8191 1701 3800 8847 1198 7474
7538 1513 2663 3179 4734 2462 0 4000 2227 4344 1040 6469 5778 4276 6731 3965 2340 7387 3462 6014
5524 4015 5661 2501 7732 5460 4000 0 5225 2330 3824 4455 3764 2262 4717 6963 2988 5373 6460 4000
8763 2738 1988 4404 4059 1787 2227 5225 0 5569 2265 7694 7003 5501 7956 3290 3565 8612 2787 7239
4728 4359 6005 2845 8076 5804 4344 2330 5569 0 4168 3659 2968 1466 3921 7307 3332 4577 6804 3204
7362 1337 2701 3003 4772 2500 1040 3824 2265 4168 0 6293 5602 4100 6555 4003 2164 7211 3500 5838
1797 6484 8130 4970 10201 7929 6469 4455 7694 3659 6293 0 2341 2599 1532 9432 5457 1646 8929 2385
3410 5793 7439 4279 9510 7238 5778 3764 7003 2968 5602 2341 0 1908 2603 8741 4766 3259 8238 1886
3668 4291 5937 2777 8008 5736 4276 2262 5501 1466 4100 2599 1908 0 2861 7239 3264 3517 6736 2144
2601 6746 8392 5232 10463 8191 6731 4717 7956 3921 6555 1532 2603 2861 0 9694 5719 2450 9191 2647
10501 4476 3144 6142 1203 1701 3965 6963 3290 7307 4003 9432 8741 7239 9694 0 5303 10350 987 8977
6526 2355 4001 2167 6072 3800 2340 2988 3565 3332 2164 5457 4766 3264 5719 5303 0 6375 4800 5002
729 7402 9048 5888 11119 8847 7387 5373 8612 4577 7211 1646 3259 3517 2450 10350 6375 0 9847 3303
9998 3973 2641 5639 1756 1198 3462 6460 2787 6804 3500 8929 8238 6736 9191 987 4800 9847 0 8474
3454 6029 7675 4515 9746 7474 6014 4000 7239 3204 5838 2385 1886 2144 2647 8977 5002 3303 8474 0
